25
80
11111111111111111111111111111111111111111111111111111111111111111111111111111111
10000000000000000000000000000000000000000000000000000000000000000000000000000001
10000000000000000000000000000000000000000000000000000000000000000000000000000001
10000000000000000000000000000000000000000000000000000000000000000000000000000001
10000000000000000000000000000000000000000000000000000000000000000000000000000001
10000000000000000000000000000000000000000000000000000000000000000000000000000001
10000000000000000000000000000000000000000000000000000000000000000000000000000001
10000000000000000000000000000000000000000000000000000000000000000000000000000001
10000000000000000010000100001110000100010101111000111111000000000000000000000001
10000000000000000001001000010001000100010001000100100000000000000000000000000001
10000000000000000000110000010001000100010001000100111100000000000000000000000001
10000000000000000000110000010001000100010001111000100000000000000000000000000001
10000000000000000000110000010001000100010001001000100000000000000000000000000001
10000000000000000000110000001110000011100001000100111111000000000000000000000001
10000000000000000000000000000000000000200000000000000000000000000000000000000001
10000000000000000000000000000000000000000000000000000000000000000000000000000001
10000000000000000000000000000111000100010001111000100010000000000000000000000001
10000000000000000000000000001000000100010010000000100100000000000000000000000001
10000000000000000000000000001000000100010010000000101000000000000000000000000001
10000000000000000000000000000111000100010010000000110000000000000000000000000001
10000000000000000000000000000001000100010010000000101000000000000000000000000001
10000000000000000000000000000001000100010010000000100100000000000000000000000001
10000000000000000000000000001110000011100001111000100010000000000000000000000001
10000000000000000000000000000000000000000000000000000000000000000000000000000001
11111111111111111111111111111111111111111111111111111111111111111111111111111111