25
80
11111111111111111111111111111111111111111111111111111111111111111111111111111111
10000000000000000000000000000000000000000000000000000000000000000000000000000001
10000000000000000000000000000000000000000000000000000000000000000000000000000001
10000000000000000000000000000000001000000000000000000000000001000000000000000001
10000000000000000000000000000000001000000000111000000000000001000000000000000001
10000000000000000000000000100000000000000000000000000000000000000000000000000001
10000000000000000000000000100000000000000000000000000000000000000000000000000001
10000000000000000000000000000000000000000000000010000000000000000000001000000001
10000000000000000000000000000000000000000000000010000000000000000000001000000001
10000000000000000000000000000000000000000000000000000000000000000000000000000001
10000000000000001111111111111111111111111111111111111111111100000000000000000001
10000000000000001000000000000000000000000000000000000000000100000000000000000001
10000000000000001000000000000000000000000000000000000000000100000000000000000001
10000000000000000000000000000000000000000000000000000000000100000000001111100001
10000000000000000000000000000000000000200000000000000000000100000000000000000001
10000000000000001000000000000000000000000000000000000000000100000000000000000001
10000000000000001000000000000000000000000000000000000000000100000000000000000001
10000000000000001111111111111111111111000001111111111111111100000011110000000011
10000000000000000000000000000000000000000000000000000000000000000000000000000001
10000000000000000000100000000000000000000000000000000000000000000000000000000001
10000000000000001000100000000000000000000000000000000000000000000000000000000001
10000000000000001000000000000000000000000000000000000000000000000000000000000001
10000000000000001000000000100000000000000000000000000000000000000000000000000001
10000000000000000000000000100000000000000000000000000000000000000000000000000001
11111111111111111111111111111111111111111111111111111111111111111111111111111111