25
80
11111111111111111111111111111111111111111111111111111111111111111111111111111111
10000000000000000000000000000000000000000000000000000000000000000000000000000001
10000000000000000000000002000000000000000000000000000000000000000000000000000001
10000011111000100000000000000000000000000000000000000000000001000111110000000001
10000010000001000000000000001111100000000011111000000000000000100000010000000001
10000010000010000000000000000000000000000000000000000000000000010000010000000001
10000010000100000000000000111110000000000000111110000000000000001000010000000001
10000000000000000000000000000000000000000000000000000000000000000000000000000001
10000000000000001111111111111111111111111111111111111111111100000000000000000001
10000000000000001000000000000000000000000000000000000000000100000000000000000001
10000000000000001000000000000000000000000000000000000000000100000000000000000001
10000000000000001000000000000000000000000000000000000000000100000000000000000001
10000000000000001000000000000000000000000000000000000000000100000000000000000001
10000111110000001000000000000000000000000000000000000000000100000000001111100001
10000000000000001000000000000000000000000000000000000000000100000000000000000001
10000000000000001000000000000000000000000000000000000000000100000000000000000001
10000000000000001000000000000000000000000000000000000000000100000000000000000001
10000000000000001111111111111111111100011111111111111111111100000000000000000001
10000000000000000000000000000000000000000000000000000000000000000000000000000001
10000010000100000000000000111110000000000000111110000000000000001000010000000001
10000010000010000000000000000000000000000000000000000000000000010000010000000001
10000010000001000000000000000000000000000000000000000000000000100000010000000001
10000011111000100000000000100000000000000000000000010000000001000111110000000001
10000000000000000000000000100000000000000000000000010000000000000000000000000001
11111111111111111111111111111111111111111111111111111111111111111111111111111111